
% wd script 
p1_1s = 6400000000;
p1_1e = 57000000000;
p1_lbs = 1800000000;
p1_lbe= 52400000000;

p1_2s = 3900000000;
p1_2e = 54800000000;

p2_1s = 7100000000;
p2_1e = 59100000000;
p2_2s = 1600000000;
p2_2e = 54000000000;

p3_1s = 5500000000;
p3_1e = 76500000000;
p3_2s = 1440000000;
p3_2e = 60750000000;
p3_3s = 5150000000;
p3_3e = 66500000000;
p3_4s = 4100000000;
p3_4e = 63000000000;


p4_1s = 1350000000;
p4_1e = 59500000000;
p4_2s = 6600000000;
p4_2e = 64900000000;
p4_3s = 6100000000;
p4_3e = 56000000000;
p4_4s = 6400000000;
p4_4e = 60000000000;


p5_1s = 2100000000;
p5_1e = 60800000000;
p5_2s = 3600000000;
p5_2e = 58900000000;
p5_3s = 1500000000;
p5_3e = 52300000000;
p5_4s = 3200000000;
p5_4e = 53700000000;

p6_1s = 4000000000;
p6_1e = 54300000000;
p6_2s = 2900000000;
p6_2e = 52500000000;
p6_3s = 1300000000;
p6_3e = 47000000000;
p6_4s = 1600000000;
p6_4e = 53900000000;

p7_1s = 1500000000;
p7_1e = 53300000000;
p7_2s = 1700000000;
p7_2e = 52300000000;
p7_3s = 1200000000;
p7_3e = 48600000000;
p7_4s = 1500000000;
p7_4e = 44000000000;

p10_1s = 4000000000;
p10_1e = 64000000000;
p10_2s = 14800000000;
p10_2e = 77000000000;
p10_3s = 2000000000;
p10_3e = 57000000000;
p10_4s = 2300000000;
p10_4e = 54000000000;


p11_1s = 2900000000;
p11_1e = 52700000000;
p11_2s = 3820000000;
p11_2e = 55500000000;
p11_3s = 5200000000;
p11_3e = 50000000000;
p11_4s = 3000000000;
p11_4e = 50000000000;

p12_1s = 1800000000; 
p12_1e = 60000000000;
p12_2s = 2450000000;
p12_2e = 58450000000;
p12_3s = 880000000;
p12_3e = 48800000000;
p12_4s = 4000000000;
p12_4e = 52000000000;


p13_1s = 500000000;
p13_1e = 34800000000;
p13_2s = 5000000000;
p13_2e = 64500000000;
p13_3s = 9500000000;
p13_3e = 48800000000;
p13_4s = 2000000000;
p13_4e = 48000000000;

p15_1s = 500000000;
p15_1e = 28600000000;
p15_2s = 6650000000;
p15_2e = 33200000000;
p15_3s = 5600000000;
p15_3e = 53300000000;
p15_4s = 2000000000;
p15_4e = 47000000000;



p16_1s = 2100000000;
p16_1e = 61000000000;
p16_2s = 4300000000;
p16_2e = 65700000000;
p16_3s = 2500000000;

p16_3e = 49960000000;
p16_4s = 1700000000;
p16_4e = 51000000000;

p17_1s = 3900000000;
p17_1e = 58200000000;
p17_2s = 3220000000;
p17_2e = 57300000000;
p17_3s = 3000000000;
p17_3e = 54000000000;
p17_4s = 4800000000;
p17_4e = 52000000000;

p18_1s = 5700000000;
p18_1e = 60200000000;
p18_2s = 9800000000;
p18_2e = 67800000000;
p18_3s = 5000000000;
p18_3e = 55000000000;
p18_4s = 4900000000;
p18_4e = 55000000000;

p19_1s = 1000000000;
p19_1e = 56000000000;
p19_2s = 2300000000;
p19_2e = 62000000000;
p19_3s = 1350000000;
p19_3e = 49700000000;
p19_4s = 2670000000;
p19_4e = 52900000000;

p20_1s = 4000000000;
p20_1e = 59000000000;
p20_2s = 4400000000;
p20_2e = 62800000000;
p20_3s = 3000000000;
p20_3e = 55000000000;
p20_4s = 1400000000;
p20_4e = 53000000000;

p21_1s = 1000000000;
p21_1e = 46500000000;
p21_2s = 800000000;
p21_2e = 58000000000;
p21_3s = 2050000000;
p21_3e = 44000000000;
p21_4s = 500000000;
p21_4e = 50000000000;

sMy = 'traces_3.csv';
sMy2 = 'traces_2.csv';
sMy3 = 'traces_stairs1.csv';
sMy4 = 'traces_4.csv';
sMy5 = 'traces-5.csv';
sMy6 = 'traces_6.csv';
sMy7 = 'traces_7.csv';
sMy8 = 'traces_8.csv';
sMy9 = 'traces_9.csv';
sMy10 = 'traces_10.csv';
sMy11= 'traces_11.csv';
sMy12 = 'traces_12.csv';
sMy13 = 'traces_13.csv';
sMy14= 'traces_14.csv';



p1_1 = '1_arms_swinging.csv';
p1_2 = '1_hands_pockets.csv';
p1_lb = '1_leg_bash_accelerometer.csv';

p2_1 = '2_arms_swinging.csv';
p2_2 = '2_hands_in_pockets.csv';
p2_1g = '2_arms_swinging_g.csv';
p2_2g = '2_hands_in_pockets_g.csv';

p3_1 = '3_arms_swinging.csv';
p3_2 = '3_hands_in_pockets.csv';
p3_3 = '3_arms_swinging_change.csv';
p3_4 = '3_hands_in_pockets_change_accelerometer.csv';
p3_1g = '3_arms_swinging_g.csv';
p3_2g= '3_hands_in_pockets_g.csv';
p3_3g = '3_arms_swinging_change_g.csv';
p3_4g = '3_hands_in_pockets_change_gyroscope.csv';

p4_1 = '4_arms_swinging.csv';
p4_2 = '4_hands_pockets.csv';
p4_3 = '4_arms_swinging_change_accelerometer.csv';
p4_4 = '4_hands_pockets_change_accelerometer.csv';
p4_1g = '4_arms_swinging.csv';
p4_2g = '4_hands_pockets.csv';
p4_3g = '4_arms_swinging_change_accelerometer.csv';
p4_4g = '4_hands_pockets_change_accelerometer.csv';

p5_1 = '5_arms_swinging.csv';
p5_2 = '5_hands_pockets.csv';
p5_3 = '5_arms_swinging_change.csv';
p5_4 = '5_hands_pockets_change.csv';
p5_1g = '5_arms_swinging_gyroscope.csv';
p5_2g = '5_hands_pockets_gyroscope.csv';
p5_3g = '5_arms_swinging_change_gyroscope.csv';
p5_4g = '5_hands_pockets_change_gyroscope.csv';


p6_1 = '6_arms_swinging.csv';
p6_2 = '6_hands_pockets.csv';
p6_3 = '6_arms_swinging_change_accelerometer.csv';
p6_4 = '6_hands_pockets_change_accelerometer.csv';

p6_1g = '6_arms_swinging_gyroscope.csv';
p6_2g= '6_hands_pockets_gyroscope.csv';
p6_3g = '6_arms_swinging_change_gyroscope.csv';
p6_4g = '6_hands_pockets_change_gyroscope.csv';

p7_1 = '7_arms_swinging.csv';
p7_2 = '7_hands_in_pockets.csv';
p7_3 = '7_arms_swinging_change.csv';
p7_4 = '7_hands_pockets_change_accelerometer.csv';

p7_1g = '10_arms_swinging_gyroscope.csv';
p7_2g = '10_hands_pockets_gyroscope.csv';
p7_3g = '10_arms_swinging_change_gyroscope.csv';
p7_4g = '10_hands_pockets_change_gyroscope.csv';


p10_1 = '10_arms_swinging.csv';
p10_2 = '10_hands_pockets.csv';
p10_3 = '10_arms_swinging_change.csv';
p10_4 = '10_hands_pockets_change.csv';
p10_1g = '10_arms_swinging_gyroscope.csv';
p10_2g = '10_hands_pockets_gyroscope.csv';
p10_3g = '10_arms_swinging_change_gyroscope.csv';
p10_4g = '10_hands_pockets_change_gyroscope.csv';


p11_1 = '11_arms_swinging.csv';
p11_2 = '11_hands_pockets.csv';
p11_3 = '11_arms_swinging_change.csv';
p11_4 = '11_hands_pockets_change.csv';
p11_1g = '11_arms_swinging_gyroscope.csv';
p11_2g = '11_hands_pockets_gyroscope.csv';
p11_3g = '11_arms_swinging_change_gyroscope.csv';
p11_4g = '11_hands_pockets_change_gyroscope.csv';


p12_1 = '12_arms_swinging.csv';
p12_2 = '12_hands_pockets.csv';
p12_3 = '12_arms_swinging_change.csv';
p12_4 = '12_hands_pockets_change.csv';
p12_1g = '12_arms_swinging_gyroscope.csv';
p12_2g = '12_hands_pockets_gyroscope.csv';
p12_3g = '12_arms_swinging_change_gyroscope.csv';
p12_4g = '12_hands_pockets_change_gyroscope.csv';


p13_1 = '13_arms_swinging.csv';
p13_2 = '13_hands_pockets.csv';
p13_3 = '13_arms_swinging_change.csv';
p13_4 = '13_hands_pockets_change.csv';
p13_1g = '13_arms_swinging_gyroscope.csv';
p13_2g = '13_hands_pockets_gyroscope.csv';
p13_3g = '13_arms_swinging_change_gyroscope.csv';
p13_4g = '13_hands_pockets_change_gyroscope.csv';


p15_1 = '15_arms_swinging.csv';
p15_2 = '15_hands_pockets.csv';
p15_3 = '15_arms_swinging_change.csv';
p15_4 = '15_hands_pockets_change.csv';
p15_1g = '15_arms_swinging_gyroscope.csv';
p15_2g = '15_hands_pockets_gyroscope.csv';
p15_3g = '15_arms_swinging_change_gyroscope.csv';
p15_4g = '15_hands_pockets_change_gyroscope.csv';

p16_1 = '16_arms_swinging.csv';
p16_2 = '16_hands_pockets.csv';
p16_3 = '16_arms_swinging_change.csv';
p16_4 = '16_hands_pockets_change.csv';
p16_1g = '16_arms_swinging_gyroscope.csv';
p16_2g = '16_hands_pockets_gyroscope.csv';
p16_3g = '16_arms_swinging_change_gyroscope.csv';
p16_4g = '16_hands_pockets_change_gyroscope.csv';

p17_1 = '17_arms_swinging.csv';
p17_2 = '17_hands_pockets.csv';
p17_3 = '17_arms_swinging_change.csv';
p17_4 = '17_hands_pockets_change.csv';
p17_1g = '17_arms_swinging_gyroscope.csv';
p17_2g = '17_hands_pockets_gyroscope.csv';
p17_3g = '17_arms_swinging_change-gyroscope.csv';
p17_4g = '17_hands_pockets_change_gyroscope.csv';


p18_1 = '18_arms_swinging.csv';
p18_2 = '18_hands_pockets.csv';
p18_3 = '18_arms_swinging_change.csv';
p18_4 = '18_hands_pockets_change.csv';
p18_1g = '18_arms_swinging_gyroscope.csv';
